1570 36
1580 36
1590 36
1600 36
1530 35
1540 35
1550 35
1560 35
1490 34
1500 34
1510 34
1520 34
1450 33
1460 33
1470 33
1480 33
1420 32
1430 32
1440 32
1390 31
1400 31
1410 31
1360 30
1370 30
1380 30
1330 29
1340 29
1350 29
1300 28
1310 28
1320 28
1260 27
1270 27
1280 27
1290 27
1230 26
1240 26
1250 26
1200 25
1210 25
1220 25
1160 24
1170 24
1180 24
1190 24
1130 23
1140 23
1150 23
1100 22
1110 22
1120 22
1060 21
1070 21
1080 21
1090 21
1030 20
1040 20
1050 20
990 19
1000 19
1010 19
1020 19
960 18
970 18
980 18
920 17
930 17
940 17
950 17
880 16
890 16
900 16
910 16
830 15
840 15
850 15
860 15
870 15
780 14
790 14
800 14
810 14
820 14
730 13
740 13
750 13
760 13
770 13
690 12
700 12
710 12
720 12
650 11
660 11
670 11
680 11
620 10
630 10
640 10
590 9
600 9
610 9
